D = [-0.3155646810043393, 0.07672257714216264, 0.0010970768937786646, 0.0027791067421114955, 0.0]
K = [374.3139544429318, 0.0, 313.88414773024573, 0.0, 375.5050200788606, 257.9256017409613, 0.0, 0.0, 1.0]
R = [1.0, 0.0, 0.0, 0.0, 1.0, 0.0, 0.0, 0.0, 1.0]
P = [262.72161865234375, 0.0, 317.2349714819575, 0.0, 0.0, 315.01239013671875, 266.81883751094574, 0.0, 0.0, 0.0, 1.0, 0.0]
None
# oST version 5.0 parameters


[image]

width
640

height
480

[narrow_stereo]

camera matrix
374.313954 0.000000 313.884148
0.000000 375.505020 257.925602
0.000000 0.000000 1.000000

distortion
-0.315565 0.076723 0.001097 0.002779 0.000000

rectification
1.000000 0.000000 0.000000
0.000000 1.000000 0.000000
0.000000 0.000000 1.000000

projection
262.721619 0.000000 317.234971 0.000000
0.000000 315.012390 266.818838 0.000000
0.000000 0.000000 1.000000 0.000000
